dateRep,day,month,year,cases,deaths,countriesAndTerritories,geoId,countryterritoryCode,popData2018,continentExp,summedCases,daysPass
29/04/2020,29,4,2020,2091,382,Italy,IT,ITA,60431283,Europe,201505,121
28/04/2020,28,4,2020,1739,333,Italy,IT,ITA,60431283,Europe,199414,120
27/04/2020,27,4,2020,2324,260,Italy,IT,ITA,60431283,Europe,197675,119
26/04/2020,26,4,2020,2357,415,Italy,IT,ITA,60431283,Europe,195351,118
25/04/2020,25,4,2020,3021,420,Italy,IT,ITA,60431283,Europe,192994,117
24/04/2020,24,4,2020,2646,464,Italy,IT,ITA,60431283,Europe,189973,116
23/04/2020,23,4,2020,3370,437,Italy,IT,ITA,60431283,Europe,187327,115
22/04/2020,22,4,2020,2729,534,Italy,IT,ITA,60431283,Europe,183957,114
21/04/2020,21,4,2020,2256,454,Italy,IT,ITA,60431283,Europe,181228,113
20/04/2020,20,4,2020,3047,433,Italy,IT,ITA,60431283,Europe,178972,112
19/04/2020,19,4,2020,3491,480,Italy,IT,ITA,60431283,Europe,175925,111
18/04/2020,18,4,2020,3493,575,Italy,IT,ITA,60431283,Europe,172434,110
17/04/2020,17,4,2020,3786,525,Italy,IT,ITA,60431283,Europe,168941,109
16/04/2020,16,4,2020,2667,578,Italy,IT,ITA,60431283,Europe,165155,108
15/04/2020,15,4,2020,2972,604,Italy,IT,ITA,60431283,Europe,162488,107
14/04/2020,14,4,2020,3153,564,Italy,IT,ITA,60431283,Europe,159516,106
13/04/2020,13,4,2020,4092,431,Italy,IT,ITA,60431283,Europe,156363,105
12/04/2020,12,4,2020,4694,619,Italy,IT,ITA,60431283,Europe,152271,104
11/04/2020,11,4,2020,3951,570,Italy,IT,ITA,60431283,Europe,147577,103
10/04/2020,10,4,2020,4204,612,Italy,IT,ITA,60431283,Europe,143626,102
09/04/2020,9,4,2020,3836,540,Italy,IT,ITA,60431283,Europe,139422,101
08/04/2020,8,4,2020,3039,604,Italy,IT,ITA,60431283,Europe,135586,100
07/04/2020,7,4,2020,3599,636,Italy,IT,ITA,60431283,Europe,132547,99
06/04/2020,6,4,2020,4316,527,Italy,IT,ITA,60431283,Europe,128948,98
05/04/2020,5,4,2020,4805,681,Italy,IT,ITA,60431283,Europe,124632,97
04/04/2020,4,4,2020,4585,764,Italy,IT,ITA,60431283,Europe,119827,96
03/04/2020,3,4,2020,4668,760,Italy,IT,ITA,60431283,Europe,115242,95
02/04/2020,2,4,2020,4782,727,Italy,IT,ITA,60431283,Europe,110574,94
01/04/2020,1,4,2020,4053,839,Italy,IT,ITA,60431283,Europe,105792,93
31/03/2020,31,3,2020,4050,810,Italy,IT,ITA,60431283,Europe,101739,92
30/03/2020,30,3,2020,5217,758,Italy,IT,ITA,60431283,Europe,97689,91
29/03/2020,29,3,2020,5974,887,Italy,IT,ITA,60431283,Europe,92472,90
28/03/2020,28,3,2020,5959,971,Italy,IT,ITA,60431283,Europe,86498,89
27/03/2020,27,3,2020,6153,660,Italy,IT,ITA,60431283,Europe,80539,88
26/03/2020,26,3,2020,5210,685,Italy,IT,ITA,60431283,Europe,74386,87
25/03/2020,25,3,2020,5249,743,Italy,IT,ITA,60431283,Europe,69176,86
24/03/2020,24,3,2020,4789,601,Italy,IT,ITA,60431283,Europe,63927,85
23/03/2020,23,3,2020,5560,649,Italy,IT,ITA,60431283,Europe,59138,84
22/03/2020,22,3,2020,6557,795,Italy,IT,ITA,60431283,Europe,53578,83
21/03/2020,21,3,2020,5986,625,Italy,IT,ITA,60431283,Europe,47021,82
20/03/2020,20,3,2020,5322,429,Italy,IT,ITA,60431283,Europe,41035,81
19/03/2020,19,3,2020,4207,473,Italy,IT,ITA,60431283,Europe,35713,80
18/03/2020,18,3,2020,3526,347,Italy,IT,ITA,60431283,Europe,31506,79
17/03/2020,17,3,2020,4000,347,Italy,IT,ITA,60431283,Europe,27980,78
16/03/2020,16,3,2020,2823,370,Italy,IT,ITA,60431283,Europe,23980,77
15/03/2020,15,3,2020,3497,173,Italy,IT,ITA,60431283,Europe,21157,76
14/03/2020,14,3,2020,2547,252,Italy,IT,ITA,60431283,Europe,17660,75
13/03/2020,13,3,2020,2651,189,Italy,IT,ITA,60431283,Europe,15113,74
12/03/2020,12,3,2020,2313,196,Italy,IT,ITA,60431283,Europe,12462,73
11/03/2020,11,3,2020,977,167,Italy,IT,ITA,60431283,Europe,10149,72
10/03/2020,10,3,2020,1797,98,Italy,IT,ITA,60431283,Europe,9172,71
09/03/2020,9,3,2020,1492,133,Italy,IT,ITA,60431283,Europe,7375,70
08/03/2020,8,3,2020,1247,36,Italy,IT,ITA,60431283,Europe,5883,69
07/03/2020,7,3,2020,778,49,Italy,IT,ITA,60431283,Europe,4636,68
06/03/2020,6,3,2020,769,41,Italy,IT,ITA,60431283,Europe,3858,67
05/03/2020,5,3,2020,587,27,Italy,IT,ITA,60431283,Europe,3089,66
04/03/2020,4,3,2020,466,28,Italy,IT,ITA,60431283,Europe,2502,65
03/03/2020,3,3,2020,347,17,Italy,IT,ITA,60431283,Europe,2036,64
02/03/2020,2,3,2020,561,6,Italy,IT,ITA,60431283,Europe,1689,63
01/03/2020,1,3,2020,240,8,Italy,IT,ITA,60431283,Europe,1128,62
29/02/2020,29,2,2020,238,4,Italy,IT,ITA,60431283,Europe,888,61
28/02/2020,28,2,2020,250,5,Italy,IT,ITA,60431283,Europe,650,60
27/02/2020,27,2,2020,78,1,Italy,IT,ITA,60431283,Europe,400,59
26/02/2020,26,2,2020,93,5,Italy,IT,ITA,60431283,Europe,322,58
25/02/2020,25,2,2020,97,4,Italy,IT,ITA,60431283,Europe,229,57
24/02/2020,24,2,2020,53,0,Italy,IT,ITA,60431283,Europe,132,56
23/02/2020,23,2,2020,62,2,Italy,IT,ITA,60431283,Europe,79,55
22/02/2020,22,2,2020,14,0,Italy,IT,ITA,60431283,Europe,17,54
21/02/2020,21,2,2020,0,0,Italy,IT,ITA,60431283,Europe,3,53
20/02/2020,20,2,2020,0,0,Italy,IT,ITA,60431283,Europe,3,52
19/02/2020,19,2,2020,0,0,Italy,IT,ITA,60431283,Europe,3,51
18/02/2020,18,2,2020,0,0,Italy,IT,ITA,60431283,Europe,3,50
17/02/2020,17,2,2020,0,0,Italy,IT,ITA,60431283,Europe,3,49
16/02/2020,16,2,2020,0,0,Italy,IT,ITA,60431283,Europe,3,48
15/02/2020,15,2,2020,0,0,Italy,IT,ITA,60431283,Europe,3,47
14/02/2020,14,2,2020,0,0,Italy,IT,ITA,60431283,Europe,3,46
13/02/2020,13,2,2020,0,0,Italy,IT,ITA,60431283,Europe,3,45
12/02/2020,12,2,2020,0,0,Italy,IT,ITA,60431283,Europe,3,44
11/02/2020,11,2,2020,0,0,Italy,IT,ITA,60431283,Europe,3,43
10/02/2020,10,2,2020,0,0,Italy,IT,ITA,60431283,Europe,3,42
09/02/2020,9,2,2020,0,0,Italy,IT,ITA,60431283,Europe,3,41
08/02/2020,8,2,2020,0,0,Italy,IT,ITA,60431283,Europe,3,40
07/02/2020,7,2,2020,0,0,Italy,IT,ITA,60431283,Europe,3,39
06/02/2020,6,2,2020,0,0,Italy,IT,ITA,60431283,Europe,3,38
05/02/2020,5,2,2020,0,0,Italy,IT,ITA,60431283,Europe,3,37
04/02/2020,4,2,2020,0,0,Italy,IT,ITA,60431283,Europe,3,36
03/02/2020,3,2,2020,0,0,Italy,IT,ITA,60431283,Europe,3,35
02/02/2020,2,2,2020,0,0,Italy,IT,ITA,60431283,Europe,3,34
01/02/2020,1,2,2020,0,0,Italy,IT,ITA,60431283,Europe,3,33
31/01/2020,31,1,2020,3,0,Italy,IT,ITA,60431283,Europe,3,32
30/01/2020,30,1,2020,0,0,Italy,IT,ITA,60431283,Europe,0,31
29/01/2020,29,1,2020,0,0,Italy,IT,ITA,60431283,Europe,0,30
28/01/2020,28,1,2020,0,0,Italy,IT,ITA,60431283,Europe,0,29
27/01/2020,27,1,2020,0,0,Italy,IT,ITA,60431283,Europe,0,28
26/01/2020,26,1,2020,0,0,Italy,IT,ITA,60431283,Europe,0,27
25/01/2020,25,1,2020,0,0,Italy,IT,ITA,60431283,Europe,0,26
24/01/2020,24,1,2020,0,0,Italy,IT,ITA,60431283,Europe,0,25
23/01/2020,23,1,2020,0,0,Italy,IT,ITA,60431283,Europe,0,24
22/01/2020,22,1,2020,0,0,Italy,IT,ITA,60431283,Europe,0,23
21/01/2020,21,1,2020,0,0,Italy,IT,ITA,60431283,Europe,0,22
20/01/2020,20,1,2020,0,0,Italy,IT,ITA,60431283,Europe,0,21
19/01/2020,19,1,2020,0,0,Italy,IT,ITA,60431283,Europe,0,20
18/01/2020,18,1,2020,0,0,Italy,IT,ITA,60431283,Europe,0,19
17/01/2020,17,1,2020,0,0,Italy,IT,ITA,60431283,Europe,0,18
16/01/2020,16,1,2020,0,0,Italy,IT,ITA,60431283,Europe,0,17
15/01/2020,15,1,2020,0,0,Italy,IT,ITA,60431283,Europe,0,16
14/01/2020,14,1,2020,0,0,Italy,IT,ITA,60431283,Europe,0,15
13/01/2020,13,1,2020,0,0,Italy,IT,ITA,60431283,Europe,0,14
12/01/2020,12,1,2020,0,0,Italy,IT,ITA,60431283,Europe,0,13
11/01/2020,11,1,2020,0,0,Italy,IT,ITA,60431283,Europe,0,12
10/01/2020,10,1,2020,0,0,Italy,IT,ITA,60431283,Europe,0,11
09/01/2020,9,1,2020,0,0,Italy,IT,ITA,60431283,Europe,0,10
08/01/2020,8,1,2020,0,0,Italy,IT,ITA,60431283,Europe,0,9
07/01/2020,7,1,2020,0,0,Italy,IT,ITA,60431283,Europe,0,8
06/01/2020,6,1,2020,0,0,Italy,IT,ITA,60431283,Europe,0,7
05/01/2020,5,1,2020,0,0,Italy,IT,ITA,60431283,Europe,0,6
04/01/2020,4,1,2020,0,0,Italy,IT,ITA,60431283,Europe,0,5
03/01/2020,3,1,2020,0,0,Italy,IT,ITA,60431283,Europe,0,4
02/01/2020,2,1,2020,0,0,Italy,IT,ITA,60431283,Europe,0,3
01/01/2020,1,1,2020,0,0,Italy,IT,ITA,60431283,Europe,0,2
31/12/2019,31,12,2019,0,0,Italy,IT,ITA,60431283,Europe,0,1
