dateRep,day,month,year,cases,deaths,countriesAndTerritories,geoId,countryterritoryCode,popData2018,continentExp,summedCases,daysPass
29/04/2020,29,4,2020,24132,2110,United_States_of_America,US,USA,327167434,America,1012583,121
28/04/2020,28,4,2020,22541,1369,United_States_of_America,US,USA,327167434,America,988451,120
27/04/2020,27,4,2020,26857,1687,United_States_of_America,US,USA,327167434,America,965910,119
26/04/2020,26,4,2020,48529,2172,United_States_of_America,US,USA,327167434,America,939053,118
25/04/2020,25,4,2020,21352,1054,United_States_of_America,US,USA,327167434,America,890524,117
24/04/2020,24,4,2020,26543,3179,United_States_of_America,US,USA,327167434,America,869172,116
23/04/2020,23,4,2020,17588,1721,United_States_of_America,US,USA,327167434,America,842629,115
22/04/2020,22,4,2020,37289,2524,United_States_of_America,US,USA,327167434,America,825041,114
21/04/2020,21,4,2020,28065,1857,United_States_of_America,US,USA,327167434,America,787752,113
20/04/2020,20,4,2020,24601,1772,United_States_of_America,US,USA,327167434,America,759687,112
19/04/2020,19,4,2020,32922,1856,United_States_of_America,US,USA,327167434,America,735086,111
18/04/2020,18,4,2020,30833,3770,United_States_of_America,US,USA,327167434,America,702164,110
17/04/2020,17,4,2020,31667,2299,United_States_of_America,US,USA,327167434,America,671331,109
16/04/2020,16,4,2020,30148,4928,United_States_of_America,US,USA,327167434,America,639664,108
15/04/2020,15,4,2020,26922,2408,United_States_of_America,US,USA,327167434,America,609516,107
14/04/2020,14,4,2020,25023,1541,United_States_of_America,US,USA,327167434,America,582594,106
13/04/2020,13,4,2020,27620,1500,United_States_of_America,US,USA,327167434,America,557571,105
12/04/2020,12,4,2020,28391,1831,United_States_of_America,US,USA,327167434,America,529951,104
11/04/2020,11,4,2020,35527,2087,United_States_of_America,US,USA,327167434,America,501560,103
10/04/2020,10,4,2020,33901,1873,United_States_of_America,US,USA,327167434,America,466033,102
09/04/2020,9,4,2020,33323,1922,United_States_of_America,US,USA,327167434,America,432132,101
08/04/2020,8,4,2020,30613,1906,United_States_of_America,US,USA,327167434,America,398809,100
07/04/2020,7,4,2020,30561,1342,United_States_of_America,US,USA,327167434,America,368196,99
06/04/2020,6,4,2020,25398,1146,United_States_of_America,US,USA,327167434,America,337635,98
05/04/2020,5,4,2020,34272,1344,United_States_of_America,US,USA,327167434,America,312237,97
04/04/2020,4,4,2020,32425,1104,United_States_of_America,US,USA,327167434,America,277965,96
03/04/2020,3,4,2020,28819,915,United_States_of_America,US,USA,327167434,America,245540,95
02/04/2020,2,4,2020,27103,1059,United_States_of_America,US,USA,327167434,America,216721,94
01/04/2020,1,4,2020,24998,909,United_States_of_America,US,USA,327167434,America,189618,93
31/03/2020,31,3,2020,21595,661,United_States_of_America,US,USA,327167434,America,164620,92
30/03/2020,30,3,2020,18360,318,United_States_of_America,US,USA,327167434,America,143025,91
29/03/2020,29,3,2020,19979,484,United_States_of_America,US,USA,327167434,America,124665,90
28/03/2020,28,3,2020,18695,411,United_States_of_America,US,USA,327167434,America,104686,89
27/03/2020,27,3,2020,16797,246,United_States_of_America,US,USA,327167434,America,85991,88
26/03/2020,26,3,2020,13963,249,United_States_of_America,US,USA,327167434,America,69194,87
25/03/2020,25,3,2020,8789,211,United_States_of_America,US,USA,327167434,America,55231,86
24/03/2020,24,3,2020,11236,119,United_States_of_America,US,USA,327167434,America,46442,85
23/03/2020,23,3,2020,8459,131,United_States_of_America,US,USA,327167434,America,35206,84
22/03/2020,22,3,2020,7123,80,United_States_of_America,US,USA,327167434,America,26747,83
21/03/2020,21,3,2020,5374,110,United_States_of_America,US,USA,327167434,America,19624,82
20/03/2020,20,3,2020,4835,0,United_States_of_America,US,USA,327167434,America,14250,81
19/03/2020,19,3,2020,2988,42,United_States_of_America,US,USA,327167434,America,9415,80
18/03/2020,18,3,2020,1766,23,United_States_of_America,US,USA,327167434,America,6427,79
17/03/2020,17,3,2020,887,16,United_States_of_America,US,USA,327167434,America,4661,78
16/03/2020,16,3,2020,823,12,United_States_of_America,US,USA,327167434,America,3774,77
15/03/2020,15,3,2020,777,10,United_States_of_America,US,USA,327167434,America,2951,76
14/03/2020,14,3,2020,511,7,United_States_of_America,US,USA,327167434,America,2174,75
13/03/2020,13,3,2020,351,10,United_States_of_America,US,USA,327167434,America,1663,74
12/03/2020,12,3,2020,287,2,United_States_of_America,US,USA,327167434,America,1312,73
11/03/2020,11,3,2020,271,2,United_States_of_America,US,USA,327167434,America,1025,72
10/03/2020,10,3,2020,200,5,United_States_of_America,US,USA,327167434,America,754,71
09/03/2020,9,3,2020,121,4,United_States_of_America,US,USA,327167434,America,554,70
08/03/2020,8,3,2020,95,3,United_States_of_America,US,USA,327167434,America,433,69
07/03/2020,7,3,2020,105,2,United_States_of_America,US,USA,327167434,America,338,68
06/03/2020,6,3,2020,74,1,United_States_of_America,US,USA,327167434,America,233,67
05/03/2020,5,3,2020,34,2,United_States_of_America,US,USA,327167434,America,159,66
04/03/2020,4,3,2020,22,3,United_States_of_America,US,USA,327167434,America,125,65
03/03/2020,3,3,2020,14,4,United_States_of_America,US,USA,327167434,America,103,64
02/03/2020,2,3,2020,20,1,United_States_of_America,US,USA,327167434,America,89,63
01/03/2020,1,3,2020,3,1,United_States_of_America,US,USA,327167434,America,69,62
29/02/2020,29,2,2020,6,0,United_States_of_America,US,USA,327167434,America,66,61
28/02/2020,28,2,2020,1,0,United_States_of_America,US,USA,327167434,America,60,60
27/02/2020,27,2,2020,6,0,United_States_of_America,US,USA,327167434,America,59,59
26/02/2020,26,2,2020,0,0,United_States_of_America,US,USA,327167434,America,53,58
25/02/2020,25,2,2020,18,0,United_States_of_America,US,USA,327167434,America,53,57
24/02/2020,24,2,2020,0,0,United_States_of_America,US,USA,327167434,America,35,56
23/02/2020,23,2,2020,0,0,United_States_of_America,US,USA,327167434,America,35,55
22/02/2020,22,2,2020,19,0,United_States_of_America,US,USA,327167434,America,35,54
21/02/2020,21,2,2020,1,0,United_States_of_America,US,USA,327167434,America,16,53
20/02/2020,20,2,2020,0,0,United_States_of_America,US,USA,327167434,America,15,52
19/02/2020,19,2,2020,0,0,United_States_of_America,US,USA,327167434,America,15,51
18/02/2020,18,2,2020,0,0,United_States_of_America,US,USA,327167434,America,15,50
17/02/2020,17,2,2020,0,0,United_States_of_America,US,USA,327167434,America,15,49
16/02/2020,16,2,2020,0,0,United_States_of_America,US,USA,327167434,America,15,48
15/02/2020,15,2,2020,0,0,United_States_of_America,US,USA,327167434,America,15,47
14/02/2020,14,2,2020,1,0,United_States_of_America,US,USA,327167434,America,15,46
13/02/2020,13,2,2020,1,0,United_States_of_America,US,USA,327167434,America,14,45
12/02/2020,12,2,2020,0,0,United_States_of_America,US,USA,327167434,America,13,44
11/02/2020,11,2,2020,1,0,United_States_of_America,US,USA,327167434,America,13,43
10/02/2020,10,2,2020,0,0,United_States_of_America,US,USA,327167434,America,12,42
09/02/2020,9,2,2020,0,0,United_States_of_America,US,USA,327167434,America,12,41
08/02/2020,8,2,2020,0,0,United_States_of_America,US,USA,327167434,America,12,40
07/02/2020,7,2,2020,0,0,United_States_of_America,US,USA,327167434,America,12,39
06/02/2020,6,2,2020,1,0,United_States_of_America,US,USA,327167434,America,12,38
05/02/2020,5,2,2020,0,0,United_States_of_America,US,USA,327167434,America,11,37
04/02/2020,4,2,2020,0,0,United_States_of_America,US,USA,327167434,America,11,36
03/02/2020,3,2,2020,3,0,United_States_of_America,US,USA,327167434,America,11,35
02/02/2020,2,2,2020,1,0,United_States_of_America,US,USA,327167434,America,8,34
01/02/2020,1,2,2020,1,0,United_States_of_America,US,USA,327167434,America,7,33
31/01/2020,31,1,2020,1,0,United_States_of_America,US,USA,327167434,America,6,32
30/01/2020,30,1,2020,0,0,United_States_of_America,US,USA,327167434,America,5,31
29/01/2020,29,1,2020,0,0,United_States_of_America,US,USA,327167434,America,5,30
28/01/2020,28,1,2020,0,0,United_States_of_America,US,USA,327167434,America,5,29
27/01/2020,27,1,2020,3,0,United_States_of_America,US,USA,327167434,America,5,28
26/01/2020,26,1,2020,0,0,United_States_of_America,US,USA,327167434,America,2,27
25/01/2020,25,1,2020,1,0,United_States_of_America,US,USA,327167434,America,2,26
24/01/2020,24,1,2020,0,0,United_States_of_America,US,USA,327167434,America,1,25
23/01/2020,23,1,2020,0,0,United_States_of_America,US,USA,327167434,America,1,24
22/01/2020,22,1,2020,0,0,United_States_of_America,US,USA,327167434,America,1,23
21/01/2020,21,1,2020,1,0,United_States_of_America,US,USA,327167434,America,1,22
20/01/2020,20,1,2020,0,0,United_States_of_America,US,USA,327167434,America,0,21
19/01/2020,19,1,2020,0,0,United_States_of_America,US,USA,327167434,America,0,20
18/01/2020,18,1,2020,0,0,United_States_of_America,US,USA,327167434,America,0,19
17/01/2020,17,1,2020,0,0,United_States_of_America,US,USA,327167434,America,0,18
16/01/2020,16,1,2020,0,0,United_States_of_America,US,USA,327167434,America,0,17
15/01/2020,15,1,2020,0,0,United_States_of_America,US,USA,327167434,America,0,16
14/01/2020,14,1,2020,0,0,United_States_of_America,US,USA,327167434,America,0,15
13/01/2020,13,1,2020,0,0,United_States_of_America,US,USA,327167434,America,0,14
12/01/2020,12,1,2020,0,0,United_States_of_America,US,USA,327167434,America,0,13
11/01/2020,11,1,2020,0,0,United_States_of_America,US,USA,327167434,America,0,12
10/01/2020,10,1,2020,0,0,United_States_of_America,US,USA,327167434,America,0,11
09/01/2020,9,1,2020,0,0,United_States_of_America,US,USA,327167434,America,0,10
08/01/2020,8,1,2020,0,0,United_States_of_America,US,USA,327167434,America,0,9
07/01/2020,7,1,2020,0,0,United_States_of_America,US,USA,327167434,America,0,8
06/01/2020,6,1,2020,0,0,United_States_of_America,US,USA,327167434,America,0,7
05/01/2020,5,1,2020,0,0,United_States_of_America,US,USA,327167434,America,0,6
04/01/2020,4,1,2020,0,0,United_States_of_America,US,USA,327167434,America,0,5
03/01/2020,3,1,2020,0,0,United_States_of_America,US,USA,327167434,America,0,4
02/01/2020,2,1,2020,0,0,United_States_of_America,US,USA,327167434,America,0,3
01/01/2020,1,1,2020,0,0,United_States_of_America,US,USA,327167434,America,0,2
31/12/2019,31,12,2019,0,0,United_States_of_America,US,USA,327167434,America,0,1
